2001 20010910 7404 5920 轩辕筠文 15305738401 龚明永 13507413460
2012 20120912 5400 3932 许寒 13606755184 熊妹政 13202123389
2011 20110907 8756 3149 陆友 13401375908 魏新 13101081183
2000 20000830 8283 3762 侯薇 15201468498 武斌华 13804036992
2009 20090819 7769 563 许旭 13101041505 高腾 13406142132
2008 20080819 7617 3624 陈凤 15701782293 夏侯康 15607781169
2007 20070826 7226 481 许朗清 15906917842 叶胜 13207176607
2006 20060904 5374 4132 谢丹 13900687420 刘思 15302764197
2016 20160830 6932 3764 刘荷 13802543429 马策群 13100364507
2005 20050831 5727 3177 丁磊 13005858393 吕善 13306143499
2004 20040907 8292 3815 范园龙 13900452582 吕先 13901312130
2015 20150908 6887 1240 董涛 15700908012 马风嘉 15606715765
2003 20030820 6186 4108 萧羽永 15206837987 潘馥 15106143197
2002 20020904 7262 7081 萧露 15001715653 侯保栋 13802324825
2013 20130820 5625 1615 余厚菊 15700433797 方锦育 13506116083